     0/299     1.82G     0.102    0.1735   0.03585    0.3114       156       416  0.005564    0.1051  0.002325 0.0003896   0.09109    0.1559   0.03407
     1/299     1.84G    0.0976    0.1725   0.03394     0.304       190       416   0.04988    0.1671    0.0197  0.003579   0.09213    0.1359    0.0341
     2/299     1.84G   0.09113    0.1664    0.0331    0.2906       251       416    0.1077    0.2045   0.07235   0.01606   0.08025    0.1395   0.03162
     3/299     1.84G    0.0848    0.1706   0.03201    0.2874       220       416   0.09938    0.1876   0.05637   0.01259   0.07834    0.1472   0.03134
     4/299     1.84G   0.08072    0.1722   0.03076    0.2837       252       416    0.1877    0.2305    0.1263   0.02941   0.07376    0.1375   0.02789
     5/299     1.84G   0.07845      0.17   0.02938    0.2778       210       416    0.1203    0.2893   0.09594   0.02174    0.0805    0.1376   0.03063
     6/299     1.84G   0.07546    0.1695   0.02798    0.2729       236       416    0.2505    0.3513    0.2099   0.05381   0.07008    0.1366   0.02468
     7/299     1.84G   0.07309    0.1729   0.02593    0.2719       225       416    0.2951    0.4007    0.2582   0.07749   0.06525     0.139   0.02333
     8/299     1.84G   0.07181     0.171   0.02439    0.2672       221       416    0.3594    0.4065     0.289   0.08139   0.06491    0.1351   0.02134
     9/299     1.84G   0.07068    0.1707   0.02307    0.2645       234       416    0.3577    0.3866    0.2753   0.08406   0.06453    0.1341   0.02043
    10/299     1.84G    0.0697    0.1692   0.02328    0.2622       131       416    0.3623    0.4491    0.3065    0.0911    0.0643    0.1328   0.02111
    11/299     1.84G   0.06939    0.1714   0.02221     0.263       198       416    0.4177    0.4509    0.3511     0.119   0.06131    0.1325      0.02
    12/299     1.84G   0.06822    0.1691   0.02206    0.2594       178       416    0.4095     0.433    0.3322     0.105   0.06251    0.1331   0.01986
    13/299     1.84G   0.06787    0.1701   0.02144    0.2594       221       416    0.4327    0.4349    0.3455    0.1125   0.06159    0.1319   0.01938
    14/299     1.84G   0.06735    0.1678   0.02116    0.2563       188       416    0.4352    0.4511    0.3534    0.1152    0.0609    0.1317   0.01934
    15/299     1.84G   0.06711    0.1688   0.02111    0.2571       157       416    0.4313     0.417    0.3242    0.1037   0.06226    0.1316   0.01945
    16/299     1.84G   0.06688    0.1671    0.0211    0.2551       101       416    0.4037    0.4239    0.3235    0.1097   0.06066    0.1314   0.01963
    17/299     1.84G    0.0664     0.168   0.02058     0.255       171       416    0.4431    0.4572    0.3606     0.116   0.06123    0.1327   0.01857
    18/299     1.84G   0.06585    0.1679   0.02027     0.254       159       416     0.439    0.4759     0.385    0.1285   0.06045    0.1306   0.01832
    19/299     1.84G   0.06575    0.1659   0.02032     0.252       175       416    0.4596    0.4777    0.3922    0.1297   0.05986    0.1317   0.01825
    20/299     1.84G   0.06519    0.1651   0.02011    0.2504       226       416     0.471    0.4481    0.3707    0.1229   0.06063    0.1309   0.01857
    21/299     1.84G   0.06493    0.1661   0.02008    0.2512       165       416    0.4879    0.4703    0.3983      0.14    0.0589    0.1301   0.01823
    22/299     1.84G   0.06555    0.1692   0.01995    0.2547       250       416     0.458     0.499    0.3971    0.1351   0.05995    0.1312   0.01785
    23/299     1.84G   0.06468    0.1665   0.01979    0.2509       131       416    0.4808    0.4584    0.3941    0.1343   0.05994    0.1307   0.01856
    24/299     1.84G   0.06437    0.1665   0.01954    0.2504       181       416    0.4697    0.5053    0.4129    0.1426   0.05963    0.1311   0.01786
    25/299     1.84G   0.06414    0.1638   0.01959    0.2476       136       416    0.4864    0.4806    0.4232    0.1459   0.05924     0.131   0.01793
    26/299     1.84G   0.06435    0.1679   0.01957    0.2518       238       416    0.4931    0.4852    0.4209    0.1512   0.05847    0.1287    0.0179
    27/299     1.84G    0.0638    0.1628   0.01957    0.2462       184       416    0.5022    0.4624    0.4026    0.1402   0.05964    0.1302   0.01805
    28/299     1.84G   0.06338    0.1606   0.01912    0.2431       119       416    0.5089    0.4616    0.4097    0.1465   0.05869    0.1293   0.01774
    29/299     1.84G   0.06376    0.1642   0.01907     0.247       223       416    0.5055    0.4803    0.4226    0.1518   0.05806    0.1287   0.01779
    30/299     1.84G   0.06341    0.1643   0.01937     0.247       141       416    0.4652    0.4754    0.3973     0.137   0.05969    0.1309   0.01841
    31/299     1.84G   0.06304    0.1646   0.01895    0.2466       174       416     0.515     0.489    0.4293     0.158   0.05751    0.1283   0.01747
    32/299     1.84G   0.06317    0.1641   0.01904    0.2463       309       416     0.484    0.4931    0.4177    0.1513   0.05844    0.1282   0.01769
    33/299     1.84G   0.06293    0.1641   0.01893    0.2459       243       416    0.4992    0.4978    0.4327    0.1642   0.05705    0.1277   0.01762
    34/299     1.84G   0.06271    0.1632   0.01892    0.2448       219       416    0.5372    0.4876    0.4455    0.1646   0.05751     0.128   0.01758
    35/299     1.84G   0.06229     0.162   0.01912    0.2434       200       416    0.5264    0.4993    0.4444    0.1716   0.05617    0.1263   0.01751
    36/299     1.84G   0.06226    0.1626   0.01878    0.2437       133       416    0.5287    0.5035    0.4551    0.1733   0.05637     0.127   0.01742
    37/299     1.84G    0.0618    0.1622   0.01869    0.2426       184       416     0.515    0.5184    0.4532     0.178   0.05572    0.1243   0.01739
    38/299     1.84G   0.06167    0.1617    0.0186     0.242       205       416    0.5329    0.5003    0.4496    0.1774   0.05613    0.1254   0.01747
    39/299     1.84G   0.06184    0.1622   0.01864    0.2427       147       416    0.5134    0.5085     0.445    0.1732   0.05616    0.1262   0.01749
    40/299     1.84G   0.06133    0.1606   0.01859    0.2405       167       416    0.5052    0.5028     0.441    0.1718   0.05614    0.1269   0.01724
    41/299     1.84G    0.0612    0.1612   0.01854    0.2409       197       416    0.5297    0.5005    0.4578    0.1779   0.05586    0.1253   0.01726
    42/299     1.84G   0.06078    0.1581   0.01835    0.2372       178       416    0.5221    0.5227     0.467    0.1803   0.05581    0.1263   0.01679
    43/299     1.84G   0.06071    0.1584   0.01843    0.2375       219       416     0.529     0.506     0.457    0.1796    0.0557     0.126   0.01712
    44/299     1.84G   0.06105    0.1612   0.01853    0.2407       244       416    0.5146    0.4901    0.4346     0.165   0.05703    0.1277   0.01777
    45/299     1.84G   0.06061    0.1604   0.01836    0.2393       235       416    0.5324    0.5044    0.4624    0.1805   0.05558    0.1254   0.01738
    46/299     1.84G   0.06029    0.1606   0.01804    0.2389       221       416    0.5284    0.5192    0.4657    0.1842   0.05517    0.1249     0.017
    47/299     1.84G   0.06026    0.1602   0.01799    0.2385       136       416    0.5365    0.5197     0.466    0.1783   0.05578    0.1256   0.01704
    48/299     1.84G    0.0604    0.1604    0.0183    0.2391       200       416    0.5404    0.5034    0.4667    0.1856   0.05505    0.1249   0.01701
    49/299     1.84G   0.05996      0.16   0.01782    0.2378       174       416    0.5301    0.5261    0.4733    0.1849   0.05528    0.1249   0.01711
    50/299     1.84G   0.06016    0.1588    0.0184    0.2374       141       416    0.5511    0.5093     0.477    0.1885   0.05506    0.1246   0.01697
    51/299     1.84G   0.05927    0.1568   0.01754    0.2336       142       416    0.5388    0.5144    0.4642    0.1852   0.05503    0.1256   0.01701
    52/299     1.84G   0.05998      0.16   0.01809    0.2381       150       416    0.5516    0.4958    0.4637    0.1829   0.05497    0.1261   0.01716
    53/299     1.84G   0.05967    0.1585   0.01776    0.2359       231       416     0.533    0.5324     0.474     0.187   0.05483     0.125   0.01685
    54/299     1.84G   0.05957    0.1601   0.01746    0.2371       200       416    0.5135    0.5431    0.4642    0.1833   0.05486    0.1248   0.01669
    55/299     1.84G   0.05905    0.1572   0.01755    0.2338       214       416    0.5217    0.5338    0.4678    0.1876   0.05492    0.1247   0.01697
    56/299     1.84G   0.05917    0.1574   0.01753    0.2341       167       416    0.5286    0.5276    0.4661    0.1847   0.05478    0.1245   0.01684
    57/299     1.84G   0.05887    0.1575   0.01751    0.2339       223       416    0.5162    0.5441    0.4809    0.1933    0.0541    0.1244   0.01677
    58/299     1.84G   0.05857    0.1588   0.01708    0.2344       215       416    0.5186    0.5278    0.4691    0.1853   0.05483    0.1256    0.0172
    59/299     1.84G   0.05909    0.1568   0.01739    0.2333       146       416    0.5456    0.5108    0.4692    0.1888   0.05451    0.1254   0.01746
    60/299     1.84G   0.05865    0.1576   0.01756    0.2338       206       416    0.5478    0.5186    0.4785    0.1894   0.05461     0.125   0.01678
    61/299     1.84G   0.05854    0.1581    0.0172    0.2339       226       416     0.561    0.5175    0.4844    0.1965   0.05424    0.1253   0.01661
    62/299     1.84G   0.05848    0.1564   0.01711     0.232       211       416    0.5283    0.5455     0.477    0.1873   0.05449     0.125   0.01652
    63/299     1.84G   0.05872     0.156   0.01746    0.2322       174       416    0.5356    0.5328    0.4742      0.19   0.05455    0.1244    0.0167
    64/299     1.84G   0.05858    0.1555   0.01741    0.2315       137       416    0.5294    0.5502    0.4796    0.1931   0.05434    0.1254   0.01686
    65/299     1.84G   0.05795    0.1574   0.01734    0.2326       135       416    0.5302    0.5405    0.4718    0.1961    0.0542    0.1257   0.01664
    66/299     1.84G   0.05805    0.1583   0.01692    0.2333       177       416    0.5476    0.5276    0.4759    0.1944   0.05399    0.1254   0.01689
    67/299     1.84G   0.05829     0.157   0.01696    0.2323       144       416    0.5504    0.5325    0.4855    0.1947   0.05406    0.1249   0.01689
    68/299     1.84G   0.05776    0.1537   0.01692    0.2284       183       416    0.5552    0.5256    0.4863    0.2022   0.05348    0.1234   0.01645
    69/299     1.84G   0.05751    0.1554   0.01693    0.2299       117       416    0.5367     0.531    0.4782    0.1936   0.05359    0.1237   0.01675
    70/299     1.84G   0.05755    0.1546   0.01677    0.2289       243       416    0.5314    0.5469    0.4852    0.1967   0.05358    0.1239   0.01672
    71/299     1.84G   0.05799    0.1549   0.01695    0.2298       194       416     0.546    0.5309    0.4819     0.193   0.05407    0.1243   0.01677
    72/299     1.84G   0.05802     0.156   0.01683    0.2308       194       416    0.5284     0.538    0.4762    0.1957   0.05355    0.1245   0.01681
    73/299     1.84G   0.05757    0.1552   0.01655    0.2294       209       416    0.5287    0.5479    0.4791    0.1942   0.05369    0.1251   0.01706
    74/299     1.84G    0.0579    0.1568   0.01678    0.2315       181       416    0.5408    0.5415    0.4837    0.1977   0.05357    0.1239   0.01691
    75/299     1.84G   0.05745    0.1553   0.01661    0.2294       109       416    0.5436    0.5416    0.4868    0.1961   0.05363    0.1243   0.01676
    76/299     1.84G   0.05752    0.1555   0.01693    0.2299       228       416    0.5241    0.5496     0.482    0.2002   0.05323    0.1235    0.0167
    77/299     1.84G   0.05719    0.1553   0.01627    0.2288       147       416    0.5258     0.554    0.4895    0.2022    0.0535    0.1245   0.01654
    78/299     1.84G   0.05734     0.155   0.01658    0.2289        93       416    0.5199    0.5561    0.4829    0.2001   0.05322    0.1234   0.01641
    79/299     1.84G   0.05719    0.1575   0.01638    0.2311       199       416    0.5438    0.5465      0.49    0.1985    0.0535    0.1243   0.01649
    80/299     1.84G   0.05731    0.1558   0.01624    0.2293       159       416    0.5348    0.5594    0.4919    0.2011   0.05348    0.1242    0.0163
    81/299     1.84G   0.05679    0.1545   0.01632    0.2276       198       416    0.5317    0.5549    0.4885    0.2003   0.05315    0.1242   0.01681
    82/299     1.84G   0.05663    0.1547   0.01636    0.2277       204       416    0.5546    0.5372     0.494    0.2018   0.05335    0.1234   0.01636
    83/299     1.84G   0.05654    0.1527   0.01612    0.2254       214       416    0.5442    0.5472    0.4923    0.2035   0.05303    0.1227    0.0163
    84/299     1.84G   0.05645    0.1525   0.01641    0.2254       200       416    0.5565     0.536    0.4962    0.2031   0.05306    0.1223   0.01633
    85/299     1.84G   0.05743    0.1553   0.01679    0.2295       198       416    0.5253    0.5625    0.4896    0.1974   0.05358    0.1245   0.01677
    86/299     1.84G   0.05657    0.1564   0.01623    0.2292       109       416    0.5495    0.5338     0.487    0.1994   0.05331    0.1234    0.0167
    87/299     1.84G   0.05626    0.1525    0.0163    0.2251       187       416    0.5447    0.5499    0.4982     0.204   0.05296    0.1226    0.0166
    88/299     1.84G   0.05623    0.1535   0.01591    0.2256       171       416    0.5305    0.5569    0.4915    0.2012    0.0533    0.1232   0.01645
    89/299     1.84G   0.05641    0.1526   0.01599     0.225       173       416    0.5578    0.5327     0.494     0.204   0.05306    0.1228   0.01628
    90/299     1.84G   0.05594    0.1539    0.0158    0.2256       211       416    0.5266    0.5572    0.4959    0.2046   0.05288    0.1234    0.0163
    91/299     1.84G   0.05595     0.152   0.01593    0.2239       168       416    0.5614    0.5222    0.4908    0.2029   0.05326    0.1235   0.01644
    92/299     1.84G   0.05614     0.154   0.01607    0.2262       228       416    0.5386    0.5524    0.4969    0.2039   0.05307    0.1237   0.01628
    93/299     1.84G   0.05566    0.1531   0.01588    0.2246       162       416    0.5362    0.5542    0.4946    0.2057   0.05278    0.1226   0.01626
    94/299     1.84G   0.05598    0.1522   0.01601    0.2242       180       416    0.5319    0.5625    0.5054    0.2086   0.05286     0.123   0.01609
    95/299     1.84G   0.05566    0.1522     0.016    0.2239       191       416    0.5463    0.5519    0.4994     0.206   0.05298    0.1242    0.0162
    96/299     1.84G   0.05572    0.1541   0.01571    0.2255       203       416    0.5701    0.5248    0.4981     0.207    0.0526    0.1231   0.01608
    97/299     1.84G    0.0556    0.1531   0.01573    0.2244       221       416    0.5584    0.5373    0.4989     0.205   0.05272     0.123   0.01636
    98/299     1.84G   0.05552    0.1513    0.0156    0.2224       163       416    0.5651    0.5355    0.5022    0.2098   0.05253    0.1215   0.01607
    99/299     1.84G   0.05566    0.1525    0.0157    0.2239       224       416    0.5341    0.5722    0.5044    0.2103   0.05262    0.1218   0.01622
   100/299     1.84G   0.05587     0.154   0.01587    0.2258       173       416    0.5381    0.5563    0.4973    0.2069   0.05251    0.1215   0.01631
   101/299     1.84G   0.05551      0.15   0.01568    0.2212       227       416    0.5222    0.5705    0.4976    0.2066   0.05265    0.1232   0.01632
   102/299     1.84G    0.0554    0.1536    0.0156    0.2246       183       416    0.5376    0.5498    0.4983    0.2081   0.05262    0.1228   0.01629
   103/299     1.84G   0.05528    0.1507    0.0156    0.2216       289       416    0.5466    0.5561    0.5007    0.2084   0.05259    0.1227   0.01616
   104/299     1.84G   0.05587     0.153    0.0152    0.2241       150       416    0.5539    0.5461    0.4982    0.2083   0.05226    0.1233   0.01587
   105/299     1.84G    0.0554    0.1505    0.0154    0.2213       188       416    0.5619    0.5366    0.5019    0.2073   0.05252    0.1227   0.01587
   106/299     1.84G   0.05509     0.152   0.01537    0.2225       173       416    0.5519    0.5492    0.5031    0.2114   0.05238    0.1213   0.01622
   107/299     1.84G   0.05494    0.1521    0.0152    0.2222       159       416    0.5527    0.5533    0.5081    0.2127   0.05229    0.1223   0.01624
   108/299     1.84G   0.05511    0.1504   0.01538    0.2209       200       416    0.5604    0.5393    0.4998    0.2071   0.05241    0.1226   0.01621
   109/299     1.84G   0.05504    0.1519   0.01512     0.222       175       416    0.5266     0.576    0.5053    0.2129   0.05218    0.1232   0.01589
   110/299     1.84G   0.05539    0.1502    0.0154     0.221       191       416    0.5274    0.5628     0.499    0.2098   0.05211    0.1224   0.01622
   111/299     1.84G   0.05446    0.1507   0.01518    0.2203       171       416    0.5469    0.5653    0.5068    0.2145   0.05202    0.1229   0.01591
   112/299     1.84G   0.05505    0.1509   0.01521    0.2212       185       416    0.5438    0.5499    0.4985    0.2102   0.05212    0.1225   0.01609
   113/299     1.84G   0.05488    0.1511    0.0152    0.2211       202       416    0.5535    0.5473    0.5007    0.2104   0.05221     0.123   0.01605
   114/299     1.84G   0.05508    0.1498   0.01508    0.2199       263       416    0.5415    0.5646    0.5025    0.2125   0.05186     0.122   0.01606
   115/299     1.84G   0.05439    0.1491   0.01495    0.2184       129       416    0.5451    0.5534       0.5    0.2112   0.05202    0.1224   0.01589
   116/299     1.84G   0.05403    0.1501   0.01482     0.219       162       416    0.5314    0.5728     0.507    0.2147    0.0521    0.1223   0.01592
   117/299     1.84G   0.05431    0.1517   0.01481    0.2208       129       416    0.5802    0.5248    0.5017     0.212   0.05194    0.1226   0.01604
   118/299     1.84G   0.05446    0.1507   0.01515    0.2203       161       416    0.5326    0.5662    0.5046    0.2103   0.05213    0.1231   0.01594
   119/299     1.84G    0.0542    0.1499   0.01468    0.2188       217       416    0.5411    0.5554    0.5034    0.2105   0.05228    0.1227     0.016
   120/299     1.84G   0.05412    0.1504   0.01488    0.2194       177       416    0.5416    0.5611     0.502    0.2103   0.05199     0.122   0.01591
   121/299     1.84G    0.0544    0.1494   0.01466    0.2185       113       416    0.5527    0.5462    0.5038    0.2121   0.05209    0.1224   0.01607
   122/299     1.84G   0.05435    0.1487   0.01489     0.218       204       416    0.5356    0.5708    0.5084    0.2151   0.05182    0.1219   0.01582
   123/299     1.84G   0.05443    0.1526   0.01475    0.2217       110       416    0.5488    0.5619    0.5126    0.2168   0.05201    0.1223   0.01618
   124/299     1.84G   0.05427      0.15   0.01507    0.2194       207       416    0.5473    0.5478    0.5027    0.2136   0.05184    0.1225   0.01642
   125/299     1.84G   0.05416    0.1491   0.01454    0.2178       201       416    0.5496    0.5544    0.5089    0.2111   0.05184    0.1223   0.01605
   126/299     1.84G   0.05413    0.1485   0.01443     0.217       133       416    0.5367    0.5751     0.506    0.2124   0.05193     0.122   0.01606
   127/299     1.84G   0.05379    0.1495   0.01451    0.2178       254       416    0.5809    0.5355     0.509    0.2152   0.05185    0.1224   0.01594
   128/299     1.84G   0.05412    0.1509   0.01457    0.2196       174       416    0.5559    0.5526    0.5123    0.2173   0.05161    0.1217   0.01597
   129/299     1.84G   0.05371    0.1492   0.01436    0.2173       166       416    0.5563    0.5685    0.5189    0.2188   0.05164    0.1218   0.01585
   130/299     1.84G   0.05376    0.1504    0.0145    0.2186       210       416    0.5572    0.5481     0.514    0.2187   0.05146     0.122   0.01607
   131/299     1.84G   0.05357    0.1479   0.01439    0.2159       218       416    0.5438    0.5592     0.508    0.2164   0.05165    0.1228   0.01642
   132/299     1.84G   0.05417     0.148   0.01467    0.2168       250       416    0.5457    0.5677    0.5104    0.2181   0.05152    0.1223   0.01617
   133/299     1.84G   0.05381    0.1489   0.01469    0.2174       132       416    0.5441    0.5563    0.5059    0.2151   0.05165    0.1232   0.01619
   134/299     1.84G   0.05376    0.1504   0.01394    0.2181       158       416    0.5456    0.5622    0.5072    0.2143   0.05169    0.1225    0.0163
   135/299     1.84G   0.05403    0.1509    0.0142    0.2191       222       416    0.5466    0.5654    0.5107    0.2163   0.05155    0.1227   0.01621
   136/299     1.84G     0.054    0.1492   0.01452    0.2177       158       416    0.5333    0.5693    0.5084    0.2152   0.05155    0.1237   0.01591
   137/299     1.84G   0.05342    0.1472   0.01406    0.2147       213       416    0.5617    0.5389     0.506    0.2122   0.05173    0.1232   0.01618
   138/299     1.84G   0.05375    0.1497   0.01448    0.2179       199       416     0.541     0.557    0.5091    0.2139   0.05164    0.1225   0.01599
   139/299     1.84G   0.05322    0.1475    0.0143     0.215       155       416    0.5469    0.5582    0.5124    0.2161   0.05146    0.1227   0.01595
   140/299     1.84G   0.05363    0.1492   0.01436    0.2172       164       416    0.5579    0.5547     0.513    0.2181    0.0513    0.1225   0.01593
   141/299     1.84G   0.05333    0.1458   0.01415    0.2133        86       416    0.5357    0.5644    0.5089    0.2144   0.05158    0.1234   0.01599
   142/299     1.84G   0.05345    0.1476   0.01409    0.2151       187       416     0.557    0.5419     0.507    0.2137   0.05154    0.1227   0.01614
   143/299     1.84G   0.05305    0.1477   0.01383    0.2146       183       416    0.5234    0.5756    0.5077    0.2138   0.05159    0.1226   0.01623
   144/299     1.84G   0.05317    0.1476   0.01415    0.2149       150       416     0.549    0.5512    0.5055    0.2145   0.05153    0.1239   0.01622
   145/299     1.84G   0.05338    0.1487    0.0143    0.2164       307       416    0.5506    0.5515    0.5068    0.2148   0.05141     0.123   0.01607
   146/299     1.84G   0.05332    0.1487   0.01423    0.2162       214       416    0.5306    0.5643    0.5059    0.2147   0.05137    0.1232   0.01672
   147/299     1.84G   0.05327    0.1468   0.01385    0.2139       296       416    0.5597    0.5367    0.5055    0.2149   0.05142    0.1237   0.01671
   148/299     1.84G   0.05302    0.1482    0.0138     0.215       124       416    0.5335    0.5646    0.5096    0.2176   0.05133     0.122   0.01635
   149/299     1.84G   0.05318    0.1495   0.01368    0.2163       223       416    0.5224    0.5811    0.5114    0.2172   0.05145     0.123   0.01623
   150/299     1.84G   0.05293    0.1468   0.01382    0.2136       207       416    0.5686    0.5302    0.5079    0.2171   0.05123    0.1219   0.01608
   151/299     1.84G   0.05273    0.1455   0.01384    0.2121       192       416     0.521    0.5737     0.511    0.2166   0.05126    0.1225   0.01606
   152/299     1.84G   0.05253    0.1472   0.01356    0.2133       286       416    0.5547    0.5493    0.5133    0.2178   0.05123    0.1233   0.01618
   153/299     1.84G   0.05284     0.146   0.01412     0.213       262       416    0.5277    0.5831    0.5131    0.2188   0.05117    0.1226   0.01623
   154/299     1.84G   0.05278    0.1478   0.01353    0.2141       113       416    0.5397    0.5655    0.5136    0.2202   0.05097     0.122   0.01615
   155/299     1.84G   0.05292    0.1475   0.01347    0.2139       198       416    0.5239    0.5832    0.5121    0.2182   0.05122    0.1229   0.01615
   156/299     1.84G   0.05238    0.1467   0.01367    0.2127       182       416    0.5457    0.5718    0.5138    0.2183   0.05119    0.1224   0.01618
   157/299     1.84G    0.0524    0.1487   0.01335    0.2145       191       416    0.5694    0.5468    0.5165    0.2203   0.05101    0.1228   0.01616
   158/299     1.84G   0.05255    0.1487   0.01339    0.2147       112       416    0.5369     0.572    0.5165      0.22   0.05101    0.1221   0.01629
   159/299     1.84G   0.05227    0.1481   0.01363     0.214       214       416    0.5534    0.5576    0.5192    0.2215   0.05084    0.1226   0.01593
   160/299     1.84G    0.0524    0.1447   0.01373    0.2108       192       416    0.5522    0.5644    0.5178     0.222   0.05083    0.1217   0.01591
   161/299     1.84G   0.05227    0.1449   0.01352    0.2106       179       416    0.5345    0.5836     0.519    0.2226   0.05081    0.1218   0.01623
   162/299     1.84G   0.05265    0.1477   0.01371    0.2141       116       416    0.5529     0.563    0.5193    0.2221   0.05086    0.1215   0.01612
   163/299     1.84G   0.05229    0.1469   0.01338    0.2125       201       416    0.5412    0.5704    0.5182     0.221   0.05093    0.1221   0.01594
   164/299     1.84G   0.05231    0.1447   0.01337    0.2104       166       416    0.5288    0.5891      0.52    0.2213   0.05093    0.1221   0.01585
   165/299     1.84G   0.05266    0.1476   0.01367    0.2139       325       416     0.549      0.56    0.5166    0.2201   0.05091    0.1219   0.01622
   166/299     1.84G   0.05203     0.145   0.01321    0.2102       115       416     0.529     0.577    0.5136    0.2187   0.05107    0.1223   0.01628
   167/299     1.84G   0.05263    0.1473   0.01336    0.2133       173       416    0.5071    0.6062    0.5194    0.2203   0.05086    0.1222   0.01618
   168/299     1.84G    0.0522    0.1449   0.01338    0.2105       130       416    0.5506    0.5583    0.5193    0.2211   0.05088    0.1224   0.01611
   169/299     1.84G   0.05239     0.147   0.01345    0.2129       195       416    0.5518    0.5484    0.5156    0.2187   0.05092    0.1226   0.01631
   170/299     1.84G   0.05188    0.1469   0.01332    0.2121       145       416    0.5363    0.5687    0.5139    0.2199   0.05102    0.1227   0.01634
   171/299     1.84G   0.05192    0.1432    0.0132    0.2083       198       416    0.5403    0.5645    0.5172    0.2196   0.05104    0.1223   0.01628
   172/299     1.84G   0.05175    0.1453   0.01336    0.2105       158       416    0.5552    0.5584    0.5203    0.2206   0.05083    0.1223   0.01618
   173/299     1.84G   0.05163    0.1444   0.01295    0.2089       196       416    0.5429    0.5704    0.5215    0.2234   0.05067     0.122   0.01609
   174/299     1.84G   0.05206    0.1453   0.01303    0.2104       183       416     0.545      0.56    0.5153    0.2199   0.05072    0.1222   0.01618
   175/299     1.84G   0.05201    0.1465   0.01293    0.2115       260       416    0.5301    0.5776    0.5131    0.2172   0.05086    0.1223   0.01615
   176/299     1.84G   0.05187    0.1461   0.01305     0.211       201       416    0.5382    0.5751     0.513    0.2157   0.05104    0.1226   0.01625
   177/299     1.84G   0.05196    0.1442   0.01326    0.2094       272       416    0.5435    0.5657    0.5125    0.2169   0.05097    0.1223   0.01614
   178/299     1.84G   0.05162    0.1444   0.01285    0.2089       187       416    0.5371    0.5693    0.5153    0.2204    0.0508    0.1221   0.01634
   179/299     1.84G   0.05181    0.1457   0.01338    0.2109       278       416    0.5359    0.5671    0.5147      0.22   0.05082    0.1221   0.01619
   180/299     1.84G   0.05153    0.1445   0.01252    0.2086       232       416    0.5687    0.5364     0.513    0.2198   0.05088    0.1227   0.01633
   181/299     1.84G   0.05211    0.1453   0.01277    0.2102       117       416    0.5689    0.5297     0.512    0.2197   0.05087    0.1226   0.01641
   182/299     1.84G   0.05123    0.1425   0.01263    0.2064       231       416    0.5553    0.5522    0.5138    0.2203   0.05093    0.1222   0.01612
   183/299     1.84G   0.05142    0.1473   0.01281    0.2116       139       416    0.5249    0.5854    0.5141    0.2193   0.05088    0.1224   0.01611
   184/299     1.84G   0.05144    0.1434   0.01278    0.2077       171       416    0.5159    0.5938    0.5144    0.2186   0.05086    0.1222   0.01635
   185/299     1.84G   0.05154     0.146   0.01272    0.2102       178       416    0.5387    0.5626    0.5122    0.2175   0.05092    0.1224   0.01654
   186/299     1.84G   0.05121    0.1435   0.01279    0.2075       211       416     0.552    0.5526    0.5125    0.2179    0.0509    0.1229   0.01667
   187/299     1.84G   0.05121    0.1454    0.0127    0.2093       152       416    0.5351    0.5769    0.5163    0.2187   0.05084    0.1232   0.01673
   188/299     1.84G   0.05131    0.1448   0.01271    0.2088       208       416    0.5304    0.5781    0.5144    0.2193   0.05081    0.1227   0.01642
   189/299     1.84G   0.05128    0.1457   0.01252    0.2095       127       416    0.5479    0.5571    0.5136    0.2197   0.05071    0.1227   0.01636
   190/299     1.84G   0.05109    0.1426   0.01258    0.2063       236       416    0.5515    0.5506     0.514    0.2203   0.05072    0.1228   0.01655
   191/299     1.84G   0.05122    0.1446   0.01254    0.2083       157       416    0.5355    0.5673    0.5138    0.2204   0.05072    0.1229   0.01659
   192/299     1.84G   0.05125    0.1433   0.01242     0.207       188       416    0.5413    0.5708    0.5175    0.2221   0.05062    0.1227   0.01637
   193/299     1.84G   0.05058    0.1432   0.01234    0.2061       195       416    0.5518    0.5645    0.5195    0.2238   0.05054    0.1227   0.01645
   194/299     1.84G   0.05076    0.1427   0.01258     0.206       235       416    0.5482    0.5599    0.5181    0.2251   0.05058    0.1224    0.0165
   195/299     1.84G   0.05082    0.1424   0.01247    0.2057       120       416    0.5364    0.5725    0.5175    0.2239   0.05057    0.1223   0.01668
   196/299     1.84G   0.05094    0.1423   0.01239    0.2056       163       416    0.5328    0.5722     0.515    0.2226   0.05061    0.1228   0.01664
   197/299     1.84G   0.05071     0.142    0.0123     0.205       130       416    0.5403    0.5692    0.5147    0.2226   0.05064    0.1229   0.01657
   198/299     1.84G   0.05093    0.1444   0.01241    0.2078       178       416    0.5479    0.5564    0.5157    0.2208   0.05069    0.1229   0.01678
   199/299     1.84G   0.05056    0.1419   0.01241    0.2049       195       416     0.513    0.5902    0.5144    0.2207   0.05075    0.1232   0.01688
   200/299     1.84G   0.05115    0.1435   0.01278    0.2074       318       416     0.531    0.5708    0.5157    0.2213    0.0507    0.1234   0.01659
   201/299     1.84G   0.05058    0.1413   0.01226    0.2041       114       416    0.5475    0.5599    0.5194    0.2224   0.05068    0.1232   0.01653
   202/299     1.84G   0.05042    0.1412   0.01213    0.2037       200       416    0.5522    0.5563    0.5177    0.2231   0.05059    0.1232   0.01645
   203/299     1.84G   0.05045     0.141   0.01227    0.2038       203       416    0.5498    0.5599    0.5171    0.2227   0.05064    0.1232   0.01661
   204/299     1.84G   0.05053    0.1436   0.01216    0.2063       252       416    0.5391    0.5687     0.518    0.2228   0.05054    0.1232   0.01677
   205/299     1.84G   0.05074    0.1433   0.01236    0.2064       170       416    0.5318    0.5672     0.515    0.2217   0.05056    0.1232   0.01682
   206/299     1.84G   0.05064    0.1435   0.01226    0.2064       166       416    0.5231    0.5818    0.5161    0.2217   0.05065    0.1233   0.01679
   207/299     1.84G   0.05032    0.1417   0.01202     0.204       291       416    0.5382    0.5626    0.5172    0.2219   0.05075    0.1232   0.01684
   208/299     1.84G   0.05018    0.1401   0.01193    0.2022       157       416    0.5406    0.5663      0.52    0.2219    0.0507    0.1232   0.01659
   209/299     1.84G   0.05052    0.1433   0.01228    0.2061       151       416    0.5564    0.5537    0.5193    0.2218    0.0507    0.1236   0.01668
   210/299     1.84G   0.05003     0.141   0.01182    0.2029       129       416    0.5596    0.5495    0.5177    0.2228   0.05067    0.1237   0.01674
   211/299     1.84G   0.05044    0.1428   0.01208    0.2053       117       416    0.5326    0.5801    0.5198    0.2236   0.05059    0.1231   0.01666
   212/299     1.84G   0.05043     0.142   0.01209    0.2045       143       416     0.538    0.5699    0.5177    0.2234   0.05053    0.1231   0.01664
   213/299     1.84G    0.0499    0.1405   0.01191    0.2023       139       416    0.5471    0.5616    0.5184    0.2235   0.05049     0.123   0.01662
   214/299     1.84G   0.05035    0.1413   0.01214    0.2038       196       416    0.5319    0.5756    0.5163    0.2223    0.0505    0.1234   0.01669
   215/299     1.84G   0.05021    0.1418   0.01194     0.204       138       416    0.5192    0.5878    0.5166     0.223   0.05046    0.1233   0.01677
   216/299     1.84G   0.05048     0.144     0.012    0.2065       205       416    0.5372    0.5658    0.5181     0.224   0.05043    0.1233   0.01666
   217/299     1.84G   0.04991    0.1414    0.0117     0.203       194       416    0.5433    0.5607    0.5182    0.2239    0.0505    0.1233    0.0167
   218/299     1.84G   0.05054    0.1414   0.01188    0.2038       212       416    0.5472    0.5572    0.5174    0.2237   0.05046    0.1235    0.0167
   219/299     1.84G   0.05006    0.1422   0.01173    0.2039       260       416    0.5415    0.5621    0.5174    0.2246   0.05039    0.1237   0.01673
   220/299     1.84G    0.0499    0.1403     0.012    0.2022       144       416     0.542    0.5616    0.5185    0.2259    0.0504    0.1235   0.01667
   221/299     1.84G   0.05018    0.1398   0.01194     0.202       133       416    0.5406    0.5621    0.5175    0.2253   0.05037    0.1234   0.01672
   222/299     1.84G   0.04996    0.1391   0.01173    0.2008       303       416    0.5398      0.56    0.5167    0.2246    0.0504    0.1236    0.0169
   223/299     1.84G   0.04998    0.1408   0.01167    0.2025       181       416    0.5622    0.5391    0.5181    0.2263   0.05032    0.1231   0.01694
   224/299     1.84G   0.04978    0.1389   0.01177    0.2004       187       416    0.5346    0.5738    0.5192    0.2255   0.05033    0.1232   0.01695
   225/299     1.84G   0.05008    0.1411   0.01159    0.2027       200       416    0.5577     0.547     0.517     0.224   0.05039    0.1236   0.01686
   226/299     1.84G   0.04968    0.1398    0.0114    0.2009       180       416    0.5275    0.5831    0.5188    0.2244   0.05033    0.1237   0.01675
   227/299     1.84G   0.04953    0.1407   0.01139    0.2017       272       416    0.5312    0.5812    0.5175    0.2242   0.05038    0.1239   0.01674
   228/299     1.84G   0.04988    0.1424   0.01144    0.2037       139       416     0.542    0.5705    0.5175    0.2248   0.05042    0.1241   0.01678
   229/299     1.84G   0.04983    0.1411   0.01132    0.2023       177       416    0.5222    0.5904    0.5169    0.2241    0.0504    0.1239   0.01687
   230/299     1.84G   0.04981    0.1405   0.01151    0.2018       144       416     0.532    0.5751    0.5162    0.2237   0.05048    0.1238   0.01694
   231/299     1.84G   0.04977    0.1406   0.01133    0.2017       150       416    0.5346     0.569    0.5149    0.2224   0.05047    0.1238   0.01704
   232/299     1.84G   0.04942    0.1392    0.0115    0.2002        92       416    0.5295    0.5767    0.5157    0.2233   0.05045    0.1238   0.01726
   233/299     1.84G   0.04978    0.1413    0.0113    0.2024       176       416    0.5455    0.5577    0.5153    0.2233   0.05039    0.1236   0.01733
   234/299     1.84G    0.0493    0.1394   0.01116    0.1999       131       416    0.5398    0.5641    0.5148    0.2237   0.05039    0.1236   0.01735
   235/299     1.84G   0.04952    0.1403   0.01122     0.201       252       416    0.5553    0.5482    0.5153    0.2242   0.05044    0.1236   0.01733
   236/299     1.84G    0.0493    0.1381   0.01144    0.1989       186       416    0.5546     0.546    0.5148    0.2233   0.05047    0.1238    0.0173
   237/299     1.84G   0.04936    0.1403   0.01155    0.2012       130       416    0.5404    0.5609    0.5141    0.2225   0.05047    0.1239   0.01732
   238/299     1.84G   0.04946    0.1379   0.01109    0.1985       129       416    0.5506    0.5466     0.513     0.222   0.05048     0.124   0.01741
   239/299     1.84G   0.04888    0.1369   0.01118    0.1969       193       416    0.5333    0.5643    0.5135    0.2228   0.05044     0.124   0.01731
   240/299     1.84G    0.0495    0.1414   0.01123    0.2021       287       416     0.528    0.5728    0.5143    0.2232   0.05042     0.124   0.01725
   241/299     1.84G   0.04908    0.1401   0.01115    0.2003       235       416    0.5363    0.5651    0.5148    0.2235   0.05046    0.1239   0.01719
   242/299     1.84G   0.04933    0.1389   0.01114    0.1994       169       416    0.5585    0.5444    0.5162     0.224   0.05043    0.1238   0.01723
   243/299     1.84G     0.049    0.1384   0.01123    0.1986       204       416    0.5641    0.5378    0.5163    0.2244   0.05043    0.1237   0.01722
   244/299     1.84G    0.0496    0.1403   0.01117    0.2011       157       416    0.5551    0.5484     0.517    0.2231   0.05044    0.1237   0.01721
   245/299     1.84G   0.04945      0.14   0.01105    0.2005       133       416    0.5441    0.5574    0.5166    0.2227   0.05044    0.1236    0.0171
   246/299     1.84G   0.04942    0.1394   0.01112       0.2       184       416    0.5594    0.5437    0.5168    0.2227   0.05047    0.1237   0.01716
   247/299     1.84G   0.04897    0.1367   0.01121    0.1969       171       416    0.5514    0.5519    0.5165    0.2231   0.05052    0.1237   0.01717
   248/299     1.84G   0.04917    0.1384   0.01112    0.1987       238       416    0.5368    0.5717    0.5166    0.2238   0.05048    0.1239   0.01723
   249/299     1.84G   0.04874    0.1395   0.01107    0.1993       215       416    0.5454    0.5627    0.5161    0.2237   0.05045    0.1239   0.01731
   250/299     1.84G   0.04885    0.1394   0.01074     0.199       149       416    0.5426    0.5645    0.5155    0.2241   0.05041    0.1239   0.01729
   251/299     1.84G   0.04887    0.1369   0.01075    0.1965       127       416    0.5536    0.5509    0.5142    0.2235   0.05044    0.1241    0.0173
   252/299     1.84G   0.04873    0.1388   0.01105    0.1986       140       416    0.5448    0.5593    0.5141    0.2241   0.05039     0.124   0.01727
   253/299     1.84G   0.04898    0.1375   0.01083    0.1974       188       416    0.5389    0.5647     0.514    0.2246   0.05038    0.1241   0.01724
   254/299     1.84G   0.04909    0.1396   0.01097    0.1996       211       416    0.5339    0.5711    0.5131    0.2245   0.05035    0.1241   0.01725
   255/299     1.84G   0.04857    0.1354    0.0108    0.1948       199       416    0.5219     0.588    0.5132    0.2246   0.05039    0.1243   0.01732
   256/299     1.84G   0.04811    0.1374   0.01053     0.196       214       416    0.5347     0.571    0.5137    0.2243   0.05039    0.1245   0.01737
   257/299     1.84G   0.04902    0.1383   0.01091    0.1982       216       416    0.5352    0.5686    0.5137    0.2237    0.0504    0.1244   0.01736
   258/299     1.84G   0.04875    0.1373   0.01073    0.1968       168       416    0.5281    0.5783    0.5142    0.2235   0.05039    0.1244   0.01743
   259/299     1.84G   0.04886    0.1379   0.01082    0.1976       136       416    0.5264    0.5755    0.5128    0.2236   0.05039    0.1245   0.01749
   260/299     1.84G   0.04838     0.137   0.01055    0.1959       219       416    0.5279    0.5783    0.5134    0.2242   0.05036    0.1243   0.01745
   261/299     1.84G   0.04865     0.136   0.01092    0.1955       175       416    0.5203    0.5878     0.513    0.2244   0.05036    0.1244   0.01739
   262/299     1.84G   0.04828    0.1365   0.01055    0.1953       226       416    0.5166    0.5917    0.5128    0.2248   0.05031    0.1243   0.01737
   263/299     1.84G   0.04842    0.1378   0.01052    0.1967       177       416    0.5166    0.5923    0.5138    0.2246    0.0503    0.1243   0.01742
   264/299     1.84G   0.04849    0.1379   0.01078    0.1972       212       416      0.53    0.5763    0.5137    0.2243   0.05029    0.1244   0.01744
   265/299     1.84G    0.0485    0.1376   0.01049    0.1966       244       416    0.5397    0.5646    0.5133    0.2249   0.05031    0.1245   0.01749
   266/299     1.84G   0.04844    0.1381   0.01036    0.1969       185       416    0.5366    0.5705    0.5128    0.2245   0.05029    0.1246   0.01752
   267/299     1.84G    0.0486    0.1376   0.01084     0.197       212       416    0.5372    0.5684    0.5125    0.2246   0.05029    0.1246   0.01753
   268/299     1.84G   0.04836    0.1375   0.01042    0.1962       166       416     0.538    0.5658     0.512    0.2248   0.05027    0.1247   0.01754
   269/299     1.84G    0.0484    0.1381    0.0105     0.197       147       416    0.5365    0.5647    0.5128    0.2256   0.05024    0.1248   0.01756
   270/299     1.84G   0.04827    0.1372   0.01038    0.1959       190       416    0.5374    0.5663    0.5133    0.2247   0.05024     0.125   0.01762
   271/299     1.84G   0.04829    0.1346   0.01026    0.1931       162       416    0.5427    0.5569    0.5124    0.2251   0.05025     0.125   0.01764
   272/299     1.84G   0.04874    0.1383   0.01071    0.1978       183       416    0.5427    0.5569    0.5117    0.2249   0.05025     0.125   0.01763
   273/299     1.84G   0.04859    0.1369   0.01052     0.196       214       416    0.5468    0.5527    0.5112    0.2243   0.05028    0.1251   0.01764
   274/299     1.84G   0.04812    0.1362   0.01018    0.1945       171       416     0.541    0.5557    0.5104    0.2237    0.0503    0.1252   0.01764
   275/299     1.84G   0.04883    0.1389   0.01053    0.1982       266       416    0.5374    0.5605    0.5101    0.2233   0.05027     0.125   0.01757
   276/299     1.84G    0.0482    0.1371   0.01018    0.1955       192       416    0.5409    0.5574    0.5097    0.2234   0.05026    0.1251   0.01757
   277/299     1.84G   0.04822    0.1376   0.01033    0.1962       240       416    0.5381    0.5602    0.5094    0.2233   0.05027    0.1251   0.01753
   278/299     1.84G   0.04805    0.1367    0.0105    0.1952       156       416     0.533    0.5665    0.5104    0.2227   0.05026     0.125   0.01749
   279/299     1.84G   0.04856    0.1381   0.01056    0.1973       285       416    0.5352    0.5633    0.5104    0.2233   0.05026    0.1251   0.01749
   280/299     1.84G   0.04808    0.1365   0.01037    0.1949       238       416    0.5364    0.5622      0.51    0.2233   0.05025     0.125   0.01749
   281/299     1.84G   0.04785    0.1361    0.0106    0.1945       141       416    0.5344    0.5654    0.5101    0.2236   0.05023     0.125    0.0175
   282/299     1.84G   0.04836    0.1367   0.01047    0.1956       136       416    0.5439    0.5555    0.5103     0.223   0.05022    0.1249   0.01753
   283/299     1.84G    0.0482    0.1343   0.01035    0.1928       146       416    0.5413    0.5587    0.5106    0.2233   0.05019    0.1249   0.01757
   284/299     1.84G   0.04842    0.1369   0.01017    0.1955       215       416    0.5518    0.5454    0.5106    0.2239   0.05017    0.1249   0.01759
   285/299     1.84G   0.04816    0.1372   0.01031    0.1957       198       416    0.5242    0.5764    0.5116    0.2238   0.05014    0.1248   0.01759
   286/299     1.84G   0.04806    0.1355   0.01011    0.1936       200       416    0.5214     0.583    0.5121    0.2243   0.05012    0.1248   0.01758
   287/299     1.84G   0.04811    0.1359   0.01032    0.1943       199       416    0.5241      0.58     0.512    0.2239   0.05013    0.1248   0.01759
   288/299     1.84G   0.04825    0.1362   0.01045    0.1949       167       416    0.5259    0.5798    0.5125    0.2246   0.05013    0.1248    0.0176
   289/299     1.84G   0.04799    0.1346   0.01006    0.1927       183       416    0.5249    0.5814     0.513    0.2251   0.05012    0.1249   0.01761
   290/299     1.84G   0.04781    0.1362   0.01005     0.194       297       416    0.5307     0.573    0.5139     0.226   0.05011    0.1249   0.01761
   291/299     1.84G   0.04774    0.1342    0.0102    0.1921       206       416     0.534    0.5701    0.5134    0.2256    0.0501    0.1248   0.01759
   292/299     1.84G   0.04827    0.1365   0.01019    0.1949       273       416    0.5231    0.5817    0.5134    0.2253    0.0501    0.1248   0.01759
   293/299     1.84G   0.04781    0.1341   0.01005     0.192       205       416    0.5345    0.5668    0.5129    0.2253    0.0501    0.1249   0.01762
   294/299     1.84G   0.04782    0.1356   0.01031    0.1937       145       416    0.5333    0.5714    0.5136    0.2256   0.05009    0.1249   0.01761
   295/299     1.84G   0.04741    0.1341  0.009847    0.1913       169       416    0.5333    0.5675     0.512    0.2252   0.05008    0.1249   0.01759
   296/299     1.84G   0.04806    0.1391   0.01006    0.1972       240       416    0.5307    0.5706    0.5118     0.225   0.05008    0.1249    0.0176
   297/299     1.84G   0.04804    0.1346   0.01021    0.1929       295       416    0.5394    0.5619    0.5116    0.2248   0.05007    0.1248   0.01761
   298/299     1.84G   0.04807    0.1372    0.0101    0.1954       197       416    0.5394    0.5622    0.5119    0.2247   0.05006    0.1249   0.01763
   299/299     1.84G   0.04764    0.1343  0.009956    0.1919       138       416    0.5418    0.5605    0.5122    0.2249   0.05005    0.1249   0.01762
